3238
3236
3337
3335
3436
3434
3535
3533
3544
3524
3335
3333
3344
3324
4435
4433
4444
4424
2435
2433
2444
2424
2525
2523
2534
2514
2325
2323
2334
2314
3425
3423
3434
3414
1425
1423
1434
1414
1515
1616
1717
1818
1816
1827
1807
1618
1616
1627
1607
2718
2716
2727
2707
0718
0716
0727
0707
1715
1726
1706
1517
1515
1526
1506
2617
2615
2626
2606
0617
0615
0626
0606
1614
1625
1605
1416
1414
1425
1405
2516
2514
2525
2505
0516
0514
0525
0505
1513
1614
1612
1713
1711
1812
1810
1821
1801
1612
1610
1621
1601
2712
2710
2721
2701
0712
0710
0721
0701
1722
1702
1513
1511
1522
1502
2613
2611
2622
2602
0613
0611
0622
0602
1623
1603
1414
1412
1423
1403
2514
2512
2523
2503
0514
0512
0523
0503
1524
1504
1605
1603
1614
16-14
1405
1403
1414
14-14
2505
2503
2514
25-14
0505
0503
0514
05-14
1315
1416
1414
1425
1405
1216
1317
1315
1326
1306
1117
1218
1216
1227
1207
1018
1016
1027
1007
2118
2116
2127
2107
0118
0116
0127
0107
1115
1126
1106
2217
2215
2226
2206
0217
0215
0226
0206
1214
1225
1205
2316
2314
2325
2305
0316
0314
0325
0305
1313
1414
1412
1423
1403
1214
1212
1313
1311
1322
1302
1113
1111
1212
1210
1221
1201
1012
1010
1021
1001
2112
2110
2121
2101
0112
0110
0121
0101
1122
1102
2213
2211
2222
2202
0213
0211
0222
0202
1223
1203
2314
2312
2323
2303
0314
0312
0323
0303
1324
1304
1405
1403
1414
14-14
1205
1203
1214
12-14
2305
2303
2314
23-14
0305
0303
0314
03-14
2415
2413
2424
2404
0415
one ended!
0516
0514
0525
0505
0316
0314
0325
0305
1416
1414
1425
1405
0413
one ended!
0514
0512
0523
0503
0314
0312
0323
0303
1414
1412
1423
1403
0424
0404
one ended!
6
ended!
3445
3425
3236
3234
3245
3225
4336
4334
4345
4325
2336
2334
2345
2325
3346
3326
3137
3135
3146
3126
4237
4235
4246
4226
2237
2235
2246
2226
3247
3227
3038
3036
3047
3027
4138
4136
4147
4127
2138
2136
2147
2127
